$ANSIBLE_VAULT;1.1;AES256
31303065316261626562636532633661613536363431663239393638363666623934306136366164
3134323466656332653330663539636139656464363835620a336462643033393339653735386264
32623433303232353537636237396466393138336261373962383264323039393066623963333534
3535396662343462370a393230376634613762313162313864373961353666353339626138313438
37613034363832663763316336616464643937623731343063373038636634343264383766393330
63383732393230393437366335616636646366656638323233383262623537323966336131313561
31383537386335383666343537663637323130353632386564653937373662663235616630353530
61386365373435313730613037396434663335386664353066323735636263633633316362656139
30323663336338373164376365376239313565626264316363333665653138393533643230656664
66393836376562376566313864333132663436663665303833633133366466346366353239306434
62646537313534356465356164656435666362353631653230663134353638613538653431326535
64626161653136633162316134323966623865643262303837613865616337363961356631396131
32386162373739333433353366373234333739656165393832353233303636326163646234643563
65643466613235643261316162656438316434656331363466636630613334343062373237623931
66373436356266653633346535616166383530633235383639393933383666643538326463363739
34646431336536393038356462333133393666383066643963373262393839363364646564383233
62386432363762393161373330326162386332363865656563333063323963373430653732353637
37653766366166323536646332663065336464346537393836366165373866313365653736396537
37623336353534393839353762373730386332366262326333323833616138616338333238373236
66323537633931373038636161343134346464623761376565663665316133313639373539613635
66613364376136376539643465616438353739386166386561306133613930386631323834313065
38653232663561373435386537346564613965646438373930353463386262373364626537313765
66353039313435623233376334663730633038363138623336353436663165643964343635636135
31363261643465393237316634306431343266613536313839333338653864373965373739366433
37313237623232313637373161373939343931333364666461303433353731363037
